5.000000000000000000e+03 4.805825242718446411e-02
8.000000000000000000e+03 7.647058823529410965e-02
1.000000000000000000e+04 1.284313725490196234e-01
1.300000000000000000e+04 2.389162561576354815e-01
1.400000000000000000e+04 3.323529411764706287e-01
1.500000000000000000e+04 5.463414634146342985e-01
1.530000000000000000e+04 6.407766990291262621e-01
1.560000000000000000e+04 7.756097560975611094e-01
1.600000000000000000e+04 9.121951219512196563e-01
1.630000000000000000e+04 9.271844660194173970e-01
1.660000000000000000e+04 8.164251207729469328e-01
1.700000000000000000e+04 6.747572815533979806e-01
1.800000000000000000e+04 4.194174757281552979e-01
2.500000000000000000e+04 1.131707317073170904e-01
3.500000000000000000e+04 6.504854368932039277e-02
