1.000000000000000000e+03 4.029126213592232886e-01
2.000000000000000000e+03 4.049019607843136748e-01
4.000000000000000000e+03 4.058823529411764164e-01
8.000000000000000000e+03 4.068965517241379670e-01
1.600000000000000000e+04 4.058823529411764164e-01
3.200000000000000000e+04 4.029268292682927077e-01
6.400000000000000000e+04 3.999999999999999667e-01
1.280000000000000000e+05 3.990243902439024604e-01
2.560000000000000000e+05 4.014634146341463650e-01
5.120000000000000000e+05 3.980582524271844558e-01
1.024000000000000000e+06 3.884057971014493460e-01
2.048000000000000000e+06 3.631067961165048708e-01
4.096000000000000000e+06 2.830097087378640741e-01
8.192000000000000000e+06 1.151219512195122002e-01
