1.000000000000000000e+03 4.799999999999999822e-01
2.000000000000000000e+03 4.307692307692307931e-01
4.000000000000000000e+03 4.615384615384614531e-01
8.000000000000000000e+03 4.769230769230769496e-01
1.600000000000000000e+04 4.615384615384614531e-01
3.200000000000000000e+04 4.615384615384614531e-01
6.400000000000000000e+04 4.480000000000000648e-01
1.280000000000000000e+05 5.000000000000000000e-01
2.560000000000000000e+05 4.461538461538461231e-01
5.120000000000000000e+05 4.319999999999999951e-01
1.024000000000000000e+06 4.000000000000000222e-01
2.048000000000000000e+06 3.200000000000000067e-01
4.096000000000000000e+06 2.399999999999999911e-01
8.192000000000000000e+06 2.956521739130434923e-01
