5.000000000000000000e+02 2.358490566037735603e-01
1.000000000000000000e+03 3.018867924528301772e-01
2.000000000000000000e+03 3.380281690140845008e-01
4.000000000000000000e+03 4.811320754716981174e-01
8.000000000000000000e+03 6.509433962264150608e-01
1.600000000000000000e+04 9.056603773584904760e-01
3.200000000000000000e+04 9.905660377358490587e-01
6.400000000000000000e+04 9.952830188679244738e-01
1.280000000000000000e+05 9.905660377358490587e-01
2.560000000000000000e+05 9.952830188679244738e-01
5.120000000000000000e+05 9.859154929577466087e-01
1.024000000000000000e+06 1.004716981132075304e+00
2.048000000000000000e+06 9.906103286384976281e-01
4.906000000000000000e+06 1.000000000000000000e+00
