1.000000000000000000e+03 1.000000000000000000e+00
2.000000000000000000e+03 9.905660377358490587e-01
4.000000000000000000e+03 9.905660377358490587e-01
8.000000000000000000e+03 4.857142857142856540e-01
1.600000000000000000e+04 7.500000000000000000e-01
3.200000000000000000e+04 5.333333333333333259e-01
6.400000000000000000e+04 3.490566037735848837e-01
1.280000000000000000e+05 2.476190476190476275e-01
2.560000000000000000e+05 1.886792452830188815e-01
5.120000000000000000e+05 1.792452830188679125e-01
1.024000000000000000e+06 1.714285714285714024e-01
2.048000000000000000e+06 1.634615384615384637e-01
4.096000000000000000e+06 1.568627450980392135e-01
8.192000000000000000e+06 1.555555555555555580e-01
